.Random.seed <-
c(403L, 10L, 315611600L, 791948275L, -1932061935L, -1132289216L, 
-1182242018L, 1879454697L, -562718437L, 873657130L, -1752026036L, 
-26493937L, -609274043L, 1556357372L, 820285266L, -1693237043L, 
55750791L, -398134418L, -1666136760L, -1678036661L, 1339802793L, 
-1506683400L, 306453798L, -704922047L, 387168211L, 1387883906L, 
1421853108L, -2141344457L, 529852461L, -999434940L, -853699990L, 
-2053538603L, 394271343L, 1753780086L, -169013088L, -1564800669L, 
-256103935L, -769664656L, 1657522446L, 1959287673L, -1049079029L, 
-1811817414L, 1994832700L, 347025535L, 586929109L, -246383124L, 
1425084226L, 1231351965L, 445884695L, -176447362L, 230111288L, 
-294596837L, -408904583L, 689374408L, -1935465226L, -747424463L, 
2002101603L, 1844848434L, -1649086332L, -1697936185L, -300933219L, 
-1806537964L, -1743947334L, -155348987L, 1205044703L, 1833097318L, 
-291002384L, 1364619539L, 1865264817L, 1387252064L, 1607966462L, 
779893385L, 1834653115L, 1806872458L, 1479906924L, 1988061167L, 
-2050023387L, 412299484L, 2117670578L, 1587354029L, 1639361895L, 
94657166L, -1485028504L, -907781269L, 1623835913L, 580680600L, 
-1506673978L, -538681311L, -1758911309L, -120203742L, 847325204L, 
-897020777L, 1597040269L, -873511004L, 147618186L, 876840437L, 
1129412687L, 1930538838L, -1686206976L, -308193469L, -1636364575L, 
-1296708528L, 17388718L, -804024231L, 1590235243L, 945645018L, 
95162012L, 145121439L, -1130595595L, -1214953588L, 920372834L, 
242145853L, 1982350519L, -1831863458L, -1642717544L, 781032955L, 
1974435737L, -866486232L, -2104909610L, -1500912303L, -145517565L, 
2076318610L, -1714898652L, -469434393L, 1761666109L, -927403340L, 
224133402L, 1837249125L, 641947391L, 793201542L, -1535505136L, 
-1109367373L, -538585519L, -504457728L, -989777186L, 889233705L, 
816106715L, -940360726L, -1278768244L, 842386639L, 694187141L, 
1125629756L, 946421266L, -1751442163L, 832824903L, 242981934L, 
-2091499128L, 582703243L, -164728215L, 1228074552L, 321627878L, 
388989569L, 1246735891L, -796321342L, 344281716L, 2086106231L, 
-187851411L, -1054834172L, -336600790L, 1529239189L, 587463983L, 
1794345014L, 570006624L, -995175773L, -12433983L, 1533661616L, 
-1599565618L, 1331252793L, 1332883531L, 1744044538L, 1943420156L, 
-1456828097L, 928263701L, -870617812L, 1914445314L, -556202787L, 
572399575L, -723043650L, -37176072L, -4250917L, -926475975L, 
-1025647480L, -1795331018L, 765687921L, 732695203L, 1465167858L, 
2015281988L, -347730937L, -19994147L, -1236986156L, -1314883078L, 
1441731909L, -1709227617L, 1618977574L, 1916681136L, 552167507L, 
-280009871L, -1563970912L, -1095539138L, -1682141879L, -1970760709L, 
-1010591798L, -902018772L, 1380861231L, -1131361307L, -1418079588L, 
766580466L, -1664383123L, -762916697L, 1232679630L, 160137256L, 
1230568491L, -1756262839L, 210249560L, -1715998202L, 1804278753L, 
384596339L, 1614477794L, 745536852L, 543863895L, -1927415731L, 
1814510564L, -426051126L, 1905508405L, -497967473L, 1535979414L, 
-1978731712L, -1431863805L, 1736205345L, 462181308L, -1783247024L, 
-832018142L, 53895752L, -250679284L, -1380805540L, -246664750L, 
-895672832L, -1296891564L, 117616872L, -1163648774L, -1743182128L, 
1166397740L, 223928564L, 841223570L, 1367882080L, -288049140L, 
1894466272L, 1827547746L, 555934376L, 1530481228L, 46821244L, 
954062130L, -308656528L, 1984287556L, 1366443992L, 1054656378L, 
501823024L, -1453873220L, 359609940L, 969134146L, -1237708640L, 
-429279556L, 2021116368L, -1630788766L, 1652810472L, 8806604L, 
-28237316L, -602377742L, 1202899584L, 821714420L, -1912375672L, 
1664778042L, 1117147984L, 923954284L, -64913004L, 878785618L, 
1811571168L, 950451404L, 281257120L, -782772862L, -1394784024L, 
-413255956L, 1876383036L, 1971702898L, -1951111056L, -535576540L, 
255405112L, -920580326L, 1039322320L, -823189700L, 380880788L, 
742863746L, -570447424L, -864076228L, -1991228016L, 915971618L, 
-1316674296L, 1999015564L, -1608155364L, 1715085458L, -2005452416L, 
807659028L, -2125332696L, -916391366L, -257966640L, 1264953708L, 
-143375436L, 1764571154L, -1139903008L, -478468148L, 776405216L, 
1966798882L, -795156184L, -86057460L, 1942251324L, -845437966L, 
1489566448L, 1506348612L, 1787331160L, 75984698L, 1598645744L, 
738956988L, -415401708L, 764003010L, -1786080160L, -397024388L, 
1741322192L, -1154621150L, 477928104L, 1679137676L, 1956886716L, 
974016306L, -1820194240L, 1238752436L, -288390584L, -1195514438L, 
231694864L, 958575340L, -1117920940L, 357949714L, 963333536L, 
-937164084L, -1704862112L, 643479490L, 1779156776L, -1921634388L, 
1726497596L, -246208142L, -1217537232L, -780120796L, 2009279288L, 
1025998554L, 281773968L, 846909180L, -301749356L, 1180205122L, 
-2136967936L, -770505668L, 1415004496L, -943157086L, 388563272L, 
-260188404L, -24534308L, 1803873618L, 621560960L, -1720418220L, 
-1110040L, 956467450L, -1198871728L, 1468841772L, 218433908L, 
453454738L, -2060285856L, -617878132L, -774825120L, -1662739998L, 
-305794136L, 1576137932L, -2096177156L, 319333810L, 748541424L, 
865127364L, -610941608L, -1090463366L, 1002668976L, -2033915460L, 
-514484140L, 1315567554L, -1197543392L, 897849532L, 1354297936L, 
-1581616158L, -1614331800L, -300563380L, -382158596L, 1787087858L, 
-1816901376L, 1140334964L, 2044177416L, 1223417786L, 1757065680L, 
1431370732L, 33456532L, 755175890L, 1813049696L, -803295412L, 
1100380448L, -218513534L, 579563240L, -1378483988L, -1651706820L, 
1153268594L, -1949507984L, 671405092L, 1027222328L, -583373670L, 
1436021456L, -39788356L, -1318130028L, -791669118L, -1075500864L, 
426435388L, -1549968240L, -1547117022L, 1366151176L, -986088180L, 
1319070876L, -2007007726L, 824999808L, -1972679148L, -218076632L, 
-1173048006L, 1125681616L, 871019628L, 1552025908L, -1787513198L, 
-1024455840L, 648860492L, -2058512416L, -548571230L, -1538226264L, 
-584503924L, -1767987012L, 1896319346L, -636324624L, 1840091204L, 
-869719720L, -285956550L, -1895023760L, -397838276L, -160039148L, 
-804903486L, -2104132896L, -992610436L, 997899984L, 2128328866L, 
-324675452L, -1992624462L, 165874183L, 913873489L, 48804310L, 
-651469644L, 1594173637L, -194921969L, 50893448L, 1413416870L, 
564408147L, -903221067L, -17912302L, 1711639520L, -2004976055L, 
297393275L, 1651367244L, 1275848922L, -417212209L, 1262511257L, 
-170456914L, 1924199868L, -2028155347L, -714241577L, -1393647584L, 
800949630L, -1137493173L, 971374925L, 1831001978L, 496185784L, 
-420596895L, -752975085L, 303848244L, 269449538L, 2112511319L, 
611055777L, -1292562074L, -1573698716L, 1500670613L, 1858513855L, 
-711721128L, -1810082442L, -1712097405L, 846335429L, -262630686L, 
-1689920688L, -1814747527L, 531827115L, -1594794212L, 325019722L, 
801020991L, -807633783L, 1918261406L, 695858508L, -1260301027L, 
-1109413721L, 1580072912L, 1947760494L, 914767387L, 468911997L, 
93539690L, 252716040L, -1960334159L, -298431709L, 157595684L, 
-492684590L, -277319897L, -156601999L, -762841162L, -583423148L, 
-1005111835L, -1539272721L, -630919384L, -1669720186L, 801137587L, 
-578338027L, -220979854L, -1453563456L, -1569525207L, -1608386917L, 
1162289004L, 2117617530L, -669294417L, -1798759495L, 375156174L, 
386799900L, 1748864141L, 1297711351L, -495342592L, 1383911006L, 
-1844645589L, 460460589L, -1785654630L, -1853624744L, -283414079L, 
-437690765L, 1784912788L, 1851970082L, 1346993463L, 399260673L, 
-964157178L, 647406916L, -2046793611L, -1072649761L, -1836681928L, 
-228620522L, 357386019L, 404083941L, -1303777022L, -37149840L, 
-1958601959L, 1826323211L, 379701244L, -346700758L, -653604769L, 
753737705L, 1289797886L, 131231980L, 743871549L, -2099681273L, 
713864176L, 1958199182L, -525230661L, 244637L, -1140604598L, 
-1573156504L, -622395567L, -350340029L, 826778948L, 1846568434L, 
850833351L, 953225617L, 2049762582L, -207708812L, -619848699L, 
1960668239L, 203620424L, -778537498L, -521712877L, -1195430795L, 
-1487202734L, 949170336L, -971011703L, -1583019589L, 1122321932L, 
-659136614L, 1321256719L, -2071970471L, -1549748242L, -1956176260L, 
